25
1
1
1
1
4
4
4
4
4
4
4
4
4
4
4
4
4
4
11
11
11
11
11
11
11
11
11
11
11
11
11
11
1
1
1
1
1
1
1
2
2
3
3
3
3
1
4
1
5
1
5
1
5
1
5
1
6
1
6
1
9
2
9
2
9
2
9
2
14
2
17
2
18
2
20
2
21
2
21
2
22
2
23
2
28
2
29
5
30
5
32
5
32
5
32
5
32
5
33
5
34
5
34
5
35
5
35
5
36
5
36
5
36
5
36
5
36
5
36
1
1
3
3
3
3
3
3
3
3
3
3
3
3
3
3
3
3
3
3
3
3
3
3
5
5
5
5
5
5
5
5
5
5
5
5
5
5
5
5
25
5
25
5
25
5
25
5
25
5
25
5
25
5
25
5
35
5
35
5
35
5
1
1
1
1
1
2
2
3
3
3
3
3
4
4
6
6
8
8
9
10
10
14
14
15
17
18
20
16
23
16
25
16
29
16
32
16
34
16
39
16
42
24
43
24
44
24
45
35
46
35
46
35
47
35
51
35
52
52
56
52
59
52
61
52
62
52
62
68
62
68
64
68
64
68
64
2
3
3
3
4
5
7
7
9
9
10
11
13
14
14
16
18
18
20
20
21
22
23
23
15
27
20
32
20
36
20
41
20
43
20
48
0
0
0
3
0
0
0
0
0
0
0
0
0
0
0
0
0
7
0
0
0
0
0
0
0
0
0
0
0
0
0
0
0
0
0
0
0
0
1
0
0
0
0
0
0
0
0
0
0
0
0
3
0
0
0
0
0
0
0
0
0
0
0
0
0
0
0
0
0
0
0
0
0
0
10
0
0
0
0
0
0
0
8
0
0
11
0
0
0
0
17
0
0
0
0
16
0
0
0
5
0
0
0
0
0
0
0
0
0
0
0
0
0
0
0
0
0
0
0
0
0
0
0
0
0
0
0
0
0
0
0
0
0
0
0
0
0
0
0
0
0
0
0
0
0
1
0
1
0
1
0
1
0
1
0
1
0
1
0
1
0
1
0
1
0
1
0
1
0
1
0
1
0
1
0
1
0
1
0
1
0
5
0
5
0
5
0
5
0
5
0
5
0
5
0
5
0
5
0
5
0
5
0
5
0
5
0
5
0
0
0
0
0
5
0
5
0
5
0
5
0
5
0
5
0
5
0
5
0
5
0
5
0
5
0
5
0
5
0
5
0
5
0
5
0
5
0
5
0
5
0
5
0
5
0
5
0
5
0
5
0
5
0
5
0
5
0
5
0
5
0
5
0
5
0
5
0
2
0
2
0
2
0
2
0
2
0
2
0
2
0
2
0
2
0
2
0
2
0
2
0
2
0
2
0
2
0
2
0
2
0
0
0
0
0
0
0
0
0
0
0
0
0
0
0
0
0
0
0
0
0
0
0
0
0
0
0
0
0
0
0
0
0
0
0
0
0
0
0
0
0
0
0
0
0
0
0
0
0
0
0
0
0
0
0
0
0
0
0
0
0
0
0
0
0
0
0
0
0
0
0
0
0
0
0
0
0
0
0
0
0
0
0
0
0
0
0
0
0
0
0
0
0
0
0
0
0
0
0
0
0
0
0
0
0
0
0
0
0
0
0
0
0
0
0
0
0
0
0
0
0
0
0
0
0
0
0
0
0
0
0
0
0
0
0
0
0
0
0
0
0
0
0
0
0
0
0
0
0
0
0
0
0
0
0
0
0
0
0
0
0
0
0
0
0
0
0
0
0
0
0
0
0
0
0
0
0
0
0
0
0
0
0
0
0
0
0
0
0
0
0
0
0
0
0
0
0
0
0
0
0
0
0
0
0
0
